9975
5871
7822
8858
2566
6731
2254
5953
5222
9890
6971
6131
4069
6593
9322
8194
2237
7698
1535
9396
752
5721
6682
424
7922
5317
9222
1009
40
6868
9838
4100
7746
9078
9868
7457
7499
9510
3981
7409
6841
4596
9278
2878
8699
4
9109
1161
8079
8268
3739
8601
9913
7938
9179
278
9372
7088
3845
9250
7185
6656
2355
4553
1386
4030
5373
126
7797
3916
2422
4122
2786
2854
7028
5735
3291
3894
2984
4236
6038
9280
1640
7836
9155
4218
1085
6977
7146
2885
2109
3313
3990
7722
5996
240
6604
5824
5737
7623
8524
4897
3066
3607
5188
4302
6695
3226
1721
5948
348
8256
9211
1518
7889
430
785
9715
6969
8176
7630
7385
6867
683
835
401
9685
7803
5491
8314
6598
2473
1465
8977
2013
4178
393
6615
3664
4208
4208
3417
9165
468
502
8883
6447
6845
529
6964
145
7048
9598
3196
3028
6120
1889
5797
2539
5635
9868
5146
8366
3053
9298
5773
9349
3951
8338
2106
9216
6332
5008
3450
2209
7788
3485
1041
8010
6179
3213
350
6212
3329
1032
5268
6675
5538
1324
7471
2145
9318
5343
9622
9889
7036
5976
2465
9248
5038
8757
9233
2232
2960
5064
2823
9419
7803
6280
5909
2952
4085
8249
8460
5111
4124
1605
671
9050
2389
4639
6555
3591
6133
5706
3239
8718
6888
8557
2508
923
3615
3720
5305
7054
8114
9540
5235
3543
3981
7604
1816
3063
9211
3784
5366
5158
2023
4883
3148
1235
9307
140
3748
2695
9087
701
2174
6218
6047
7186
809
8110
1905
1508
2987
2724
7876
4115
7757
8029
6158
3811
7764
4454
9057
7250
3040
5762
8917
5747
5269
2845
8694
2948
7764
944
8463
7837
5871
1533
1144
1260
7389
4091
6713
4341
3855
3221
4445
8141
3864
650
833
5018
2377
2513
3950
9448
4941
1761
7788
7042
5023
4368
9295
6291
948
197
6016
2111
9134
6945
1324
7634
9862
7580
8599
9625
5066
5177
3901
3910
7196
8842
9711
2318
2240
5868
133
9091
3616
7760
6561
8276
8066
3726
1012
7612
3123
9381
9131
7203
6610
6395
3400
6330
5057
2560
5260
4010
4749
999
5816
1292
5679
3561
8534
7125
9789
696
8828
9046
4875
3337
2678
9402
159
1806
4548
8469
2007
1979
193
9648
193
1557
9325
3003
6616
6887
3812
2323
8243
2623
991
7844
9799
9675
6320
4091
1263
8437
4934
7722
1488
1570
7458
6090
3667
5618
7856
9548
801
2442
2741
2941
2562
1772
1495
4072
6476
1010
3948
7902
3396
5106
1917
6073
423
8264
8511
6212
3759
7700
950
1038
7581
8066
6262
2359
4797
5068
8677
1407
2594
1131
9948
750
9416
7075
3959
9983
2218
7418
8625
4837
4778
2899
4432
6827
8471
7925
1589
2402
3513
9877
6302
1047
3390
4536
6399
7084
6321
9901
7948
4342
5298
1232
5072
5817
6936
4234
4646
3401
9868
2198
6990
1414
3435
1335
3072
3420
7748
6937
2986
3560
3325
7495
3849
3262
9516
3829
6879
9009
7319
6541
1679
780
3774
9267
2667
4179
2947
4933
5625
4739
5024
7775
5622
7232
8453
2270
8736
106
3610
4983
8266
7143
2415
4988
7762
6245
4671
9290
5696
7280
1620
725
8762
5674
9889
8446
538
3367
3721
827
9490
2813
2055
4209
2865
2476
7099
7271
5068
3354
8017
9935
3203
6365
5591
2339
2501
8792
9533
4763
5282
7419
6931
8022
4233
7054
9500
7166
5132
7455
2483
3472
6667
7385
2810
7318
3966
4370
5726
6876
4847
6030
5890
2059
9786
989
9330
7699
2508
6943
7886
1073
7893
4856
1209
2589
6072
2803
8297
8561
6221
4090
997
3227
3276
5989
450
1082
4467
4010
4297
1352
4914
5316
2137
5232
3170
8367
3018
5707
1185
2085
1385
8226
2019
8053
3405
0
3277
2191
2184
3315
2099
6887
5271
2813
6406
2414
4404
8081
2921
4142
615
1091
4147
3727
8833
3510
2029
503
4878
7147
3291
2962
5485
5168
2688
5371
2899
1058
7412
4579
2554
5127
4430
8888
3391
802
790
1450
942
1261
4513
319
4613
9429
4534
7460
7810
1888
1459
718
7550
178
5980
5531
810
5685
1707
9021
249
2586
3344
4751
307
7816
1499
6309
6654
3968
7377
1776
2277
2836
9186
1323
3576
6505
5643
7915
6
4855
1019
3834
9745
8161
6502
7996
7911
8813
5413
9615
7373
2888
5370
7831
2785
1146
5714
5060
1741
9577
7351
8803
5655
1548
2401
7198
9714
5282
2873
4192
5518
5566
9610
281
6806
7630
2698
2945
1990
5118
231
1408
6421
3780
7723
1304
1908
4041
3438
9029
4530
5159
1466
1990
5383
4720
1969
6692
9514
5556
4425
8727
9773
8601
2803
177
6917
2488
2890
668
1550
4600
5386
8301
1370
3664
1306
2794
721
4255
6191
2128
7486
4334
223
5437
4480
6367
8171
9795
3942
7883
686
95
5024
2579
4854
8723
1782
5549
9107
515
9777
2695
7066
2062
1058
7461
9735
7046
4447
1326
6900
109
3709
7481
1649
7923
8226
4130
9601
618
5947
7977
4218
4663
7245
4986
1698
4843
879
8153
4222
7864
1735
6761
8300
88
9454
7224
5063
5648
2953
4301
6457
1403
352
1612
4297
1124
1373
6462
2706
1695
7245
2443
7054
9738
4842
8022
2791
3794
612
8915
1393
204
7335
6742
497
8498
2769
6830
9452
3687
1359
6049
4320
3146
9380
235
4680
2265
7668
5387
263
5806
5105
9193
9943
783
5463
9801
6593
2161
2253
1274
9363
1895
2112
9504
3607
5230
7527
331
1817
420
9356
2345
6645
9241
6526
2075
4150
8769
893
7638
2156
2112
2510
8560
2718
2401
7473
1888
2989
2038
2779
9219
2390
1753
7703
6351
1204
4798
5932
2849
4435
1043
6310
1948
8528
8148
3831
7544
1585
4974
4170
2402
8788
3600
7215
6986
2702
7279
8943
4548
8423
4550
3296
6046
4931
2529
872
7781
3687
8554
2020
7443
5446
5808
8630
307
6841
2855
5275
3002
3704
4416
8756
3840
3753
